3.9860,166.7521,3392182.1307,150.0296
3.9787,166.7512,3392186.5113,153.4887
3.9702,166.7501,3392182.0522,156.9478
3.9628,166.7492,3392188.8352,149.1648
3.9543,166.7482,3392191.9972,147.0028
3.9470,166.7473,3392196.1592,144.8408
3.9397,166.7464,3392199.3211,142.6789
3.9312,166.7454,3392202.4831,140.5169
3.9238,166.7445,3392199.0240,143.9760
3.9165,166.7436,3392202.1859,141.8141
3.9007,166.7417,3392205.3422,139.6578
3.8934,166.7408,3392207.5256,138.4744
3.8848,166.7398,3392212.7090,137.2910
3.8775,166.7389,3392225.1346,124.8654
3.8690,166.7378,3392216.0758,134.9242
3.8617,166.7369,3392219.2591,133.7409
3.8544,166.7360,3392223.0636,126.9364
3.8459,166.7350,3392222.2470,125.7530
3.8385,166.7341,3392217.8093,130.1907
3.8312,166.7332,3392224.6138,123.3862
3.8227,166.7322,3392226.7972,122.2028
3.8154,166.7313,3392228.9806,121.0194
3.8081,166.7304,3392229.1640,119.8360
3.7995,166.7294,3392231.3474,118.6526
3.7922,166.7285,3392232.5308,117.4692
3.7837,166.7274,3392228.0931,121.9069
3.7764,166.7266,3392235.8976,115.1024
3.7691,166.7257,3392237.0810,113.9190
3.7605,166.7246,3392239.2643,112.7357
3.7532,166.7237,3392240.4477,111.5523
3.7459,166.7228,3392241.2966,110.7034
3.7374,166.7218,3392241.2966,110.7034
3.7301,166.7209,3392236.6755,116.3245
3.7227,166.7200,3392242.2966,110.7034
3.7142,166.7190,3392236.6755,116.3245
3.7069,166.7181,3392243.2966,110.7034
3.6910,166.7162,3392238.3543,116.6457
3.6837,166.7153,3392238.0331,116.9669
3.6752,166.7142,3392243.3330,111.6670
3.6679,166.7134,3392243.0118,111.9882
3.6606,166.7125,3392242.6906,112.3094
3.6520,166.7114,3392244.3694,112.6306
3.6447,166.7105,3392242.4270,118.5730
3.6374,166.7096,3392247.7269,113.2731
3.6289,166.7086,3392233.1635,124.8365
3.6216,166.7077,3392248.0845,113.9155
3.6130,166.7067,3392245.7633,114.2367
3.6057,166.7058,3392244.4421,114.5579
3.5899,166.7039,3392243.4353,114.5647
3.5826,166.7030,3392238.0391,119.9609
3.5753,166.7021,3392244.8850,114.1150
3.5667,166.7010,3392238.4887,119.5113
3.5594,166.7002,3392245.3347,113.6653
3.5521,166.6993,3392239.9384,119.0616
3.5436,166.6982,3392245.7844,113.2156
3.5362,166.6973,3392246.0092,112.9908
3.5277,166.6963,3392241.6130,118.3870
3.5204,166.6954,3392247.4589,112.5411
3.5131,166.6945,3392247.6838,112.3162
3.5046,166.6935,3392248.9086,112.0914
3.4972,166.6926,3392250.1335,111.8665
3.4899,166.6917,3392250.3583,111.6417
3.4814,166.6907,3392250.5831,111.4169
3.4741,166.6898,3392251.8080,111.1920
3.4668,166.6889,3392252.0328,110.9672
3.4582,166.6878,3392251.2577,110.7423
3.4509,166.6870,3392250.5213,111.4787
3.4424,166.6859,3392249.7459,112.2541
3.4351,166.6850,3392250.9706,113.0294
3.4278,166.6841,3392252.1953,113.8047
3.4192,166.6831,3392245.7989,120.2011
3.4119,166.6822,3392248.6446,115.3554
3.4046,166.6813,3392246.8693,116.1307
3.3961,166.6803,3392247.0940,116.9060
3.3888,166.6794,3392246.3187,117.6813
3.3814,166.6785,3392238.9222,124.0778
3.3656,166.6766,3392243.3213,119.6787
3.3571,166.6755,3392249.1394,114.8606
3.3498,166.6746,3392242.7153,121.2847
3.3424,166.6738,3392251.1545,110.8455
3.3339,166.6727,3392245.7304,117.2696
3.3266,166.6718,3392243.1263,118.8737
3.3193,166.6709,3392242.5933,120.4067
3.3108,166.6699,3392245.0603,121.9397
3.3342,166.6815,3392208.0876,123.9671
3.3415,166.6806,3392240.1245,120.8755
3.3488,166.6797,3392238.5950,123.4050
3.3574,166.6787,3392243.6867,120.3133
3.3647,166.6778,3392251.3994,111.6006
3.3720,166.6769,3392246.8699,114.1301
3.3806,166.6759,3392253.9615,111.0385
3.3879,166.6750,3392258.0531,107.9469
3.3952,166.6741,3392259.3351,106.6649
3.4037,166.6730,3392258.7848,106.2152
3.4111,166.6722,3392259.2345,105.7655
3.4196,166.6711,3392260.6842,105.3158
3.4269,166.6702,3392263.1339,104.8661
3.4342,166.6693,3392264.5836,104.4164
3.4428,166.6683,3392258.0333,103.9667
3.4501,166.6674,3392259.4830,103.5170
3.4574,166.6665,3392258.9327,103.0673
3.4660,166.6655,3392252.3505,108.6495
3.4733,166.6646,3392257.9716,103.0284
3.4806,166.6637,3392257.9716,103.0284
3.4892,166.6627,3392259.9716,103.0284
3.4965,166.6618,3392257.9716,103.0284
3.5038,166.6609,3392256.9716,103.0284
3.5124,166.6598,3392256.9716,103.0284
3.5282,166.6579,3392251.0382,108.9618
3.5355,166.6570,3392249.7259,109.2741
3.5429,166.6561,3392251.4136,109.5864
3.5514,166.6551,3392255.7224,104.2776
3.5587,166.6542,3392255.4101,104.5899
3.5660,166.6533,3392253.0979,104.9021
3.5746,166.6523,3392246.1832,111.8168
3.5819,166.6514,3392253.6801,107.3199
3.5892,166.6505,3392253.5558,108.4442
3.5978,166.6495,3392247.4316,109.5684
3.6051,166.6486,3392247.3074,110.6926
3.6124,166.6477,3392245.1832,111.8168
3.6210,166.6466,3392249.0590,112.9410
3.6368,166.6447,3392255.5342,108.4658
3.6441,166.6438,3392244.0699,114.9301
3.6515,166.6429,3392239.2268,115.7732
3.6600,166.6419,3392238.3836,116.6164
3.6673,166.6410,3392236.5405,117.4595
3.6747,166.6401,3392235.6973,118.3027
3.6832,166.6391,3392233.8541,119.1459
3.6905,166.6382,3392235.4301,118.5699
3.6978,166.6373,3392235.2331,117.7669
3.7137,166.6354,3392235.6702,117.3298
3.7210,166.6345,3392234.6702,117.3298
3.7296,166.6334,3392233.6702,117.3298
3.7369,166.6326,3392233.6702,117.3298
3.7442,166.6317,3392233.1026,116.8974
3.7527,166.6306,3392233.5350,116.4650
3.7601,166.6297,3392233.9673,116.0327
3.7686,166.6287,3392233.3997,115.6003
3.7832,166.6269,3392232.1072,116.8928
3.7918,166.6259,3392230.5012,118.4988
3.7991,166.6250,3392227.8951,120.1049
3.8064,166.6241,3392226.2891,121.7109
3.8150,166.6231,3392223.6831,123.3169
3.8223,166.6222,3392222.3790,125.6210
3.8296,166.6213,3392219.2171,127.7829
3.8382,166.6202,3392216.0551,129.9449
3.8455,166.6194,3392213.8931,132.1069
3.8613,166.6174,3392210.7927,135.2073
3.8687,166.6165,3392208.2597,136.7403
3.8772,166.6155,3392206.7266,138.2734
3.8832,166.2531,3392223.9057,124.4967
3.8746,166.2521,3392223.7604,129.2396
3.8673,166.2512,3392224.6387,128.3613
3.8588,166.2502,3392231.1381,121.8619
3.8515,166.2493,3392232.0164,120.9836
3.8442,166.2484,3392232.8947,120.1053
3.8356,166.2474,3392229.1519,124.8481
3.8283,166.2465,3392235.6513,118.3487
3.8210,166.2456,3392237.5296,117.4704
3.8125,166.2445,3392238.4079,116.5921
3.8052,166.2436,3392239.2862,115.7138
3.7979,166.2427,3392240.1645,114.8355
3.7820,166.2408,3392236.6789,119.3211
3.7735,166.2398,3392237.2604,118.7396
3.7662,166.2389,3392243.4630,112.5370
3.7589,166.2380,3392244.0445,111.9555
3.7503,166.2370,3392245.6260,111.3740
3.7430,166.2361,3392246.2075,110.7925
3.7357,166.2352,3392241.1679,115.8321
3.7272,166.2341,3392247.3705,109.6295
3.7199,166.2332,3392248.9520,109.0480
3.7126,166.2324,3392249.5335,108.4665
3.7040,166.2313,3392249.9755,108.0245
3.6967,166.2304,3392249.1032,107.8968
3.6882,166.2294,3392250.2310,107.7690
3.6809,166.2285,3392250.3587,107.6413
3.6736,166.2276,3392250.4865,107.5135
3.6650,166.2266,3392250.6142,107.3858
3.6577,166.2257,3392251.7420,107.2580
3.6504,166.2248,3392251.8697,107.1303
3.6419,166.2237,3392251.9975,107.0025
3.6346,166.2229,3392253.1252,106.8748
3.6261,166.2218,3392254.2530,106.7470
3.6187,166.2209,3392258.3807,106.6193
3.6114,166.2200,3392263.5085,106.4915
3.6029,166.2190,3392260.0151,111.9849
3.5956,166.2181,3392255.1429,111.8571
3.5798,166.2162,3392256.5281,106.4719
3.5724,166.2153,3392255.1655,106.8345
3.5651,166.2144,3392256.8028,107.1972
3.5566,166.2133,3392256.4402,107.5598
3.5493,166.2125,3392257.0775,107.9225
3.5408,166.2114,3392255.7149,108.2851
3.5334,166.2105,3392255.3522,108.6478
3.5261,166.2096,3392255.9895,109.0105
3.5176,166.2086,3392255.6269,109.3731
3.5103,166.2077,3392255.2642,109.7358
3.5030,166.2068,3392254.9016,110.0984
3.4871,166.2049,3392255.0789,109.9211
3.4798,166.2040,3392255.3531,109.6469
3.4713,166.2030,3392255.6273,109.3727
3.4640,166.2021,3392256.9015,109.0985
3.4555,166.2010,3392258.1757,108.8243
3.4482,166.2001,3392259.4499,108.5501
3.4408,166.1992,3392259.7241,108.2759
3.4323,166.1982,3392260.9983,108.0017
3.4250,166.1973,3392265.8936,102.1064
3.4177,166.1964,3392262.5467,107.4533
3.4092,166.1954,3392260.8209,107.1791
3.4018,166.1945,3392262.0951,106.9049
3.3945,166.1936,3392262.3693,106.6307
3.3860,166.1926,3392268.2646,100.7354
3.3702,166.1906,3392269.5119,100.4881
3.3629,166.1897,3392269.5119,100.4881
3.3555,166.1888,3392265.8908,106.1092
3.3470,166.1878,3392265.8908,106.1092
3.3397,166.1869,3392269.5119,100.4881
3.3324,166.1860,3392268.5119,100.4881
3.3239,166.1850,3392269.5119,100.4881
3.3166,166.1841,3392269.5119,100.4881
3.3092,166.1832,3392269.5119,100.4881
3.3007,166.1822,3392280.5119,100.4881
3.2934,166.1813,3392274.5119,100.4881
3.2849,166.1802,3392268.5119,100.4881
3.2776,166.1793,3392269.5119,100.4881
3.2702,166.1785,3392268.5119,100.4881
3.2617,166.1774,3392270.5119,100.4881
3.2544,166.1765,3392276.9889,95.0111
3.2471,166.1756,3392269.2236,100.7764
3.2386,166.1746,3392269.0795,100.9205
3.2312,166.1737,3392274.5565,95.4435
3.2239,166.1728,3392268.7912,101.2088
3.2154,166.1718,3392269.6471,101.3529
3.2081,166.1709,3392271.5030,101.4970
3.1996,166.1698,3392276.9799,96.0201
3.1922,166.1690,3392277.8358,96.1642
3.1849,166.1681,3392274.6917,96.3083
3.1764,166.1670,3392275.5475,96.4525
3.1691,166.1661,3392279.4034,96.5966
3.1618,166.1652,3392276.6382,102.3618
3.1532,166.1642,3392274.4940,102.5060
3.1459,166.1633,3392289.9118,91.0882
3.1386,166.1624,3392275.8703,102.1297
3.1301,166.1614,3392276.0711,101.9289
3.1228,166.1605,3392282.8929,96.1071
3.1143,166.1595,3392276.4726,101.5274
3.1069,166.1586,3392278.2944,95.7056
3.0996,166.1577,3392278.8741,101.1259
3.0911,166.1566,3392278.0748,100.9252
3.0838,166.1558,3392277.2756,100.7244
3.0765,166.1549,3392284.0975,94.9025
3.0606,166.1529,3392279.7352,94.2648
3.0533,166.1520,3392279.3375,93.6625
3.0448,166.1510,3392279.9398,93.0602
3.0375,166.1501,3392286.1631,86.8369
3.0289,166.1491,3392290.7654,86.2346
3.0216,166.1482,3392294.9888,80.0112
3.0143,166.1473,3392288.9699,85.0301
3.0058,166.1463,3392288.5722,84.4278
2.9985,166.1454,3392284.5533,89.4467
2.9912,166.1445,3392290.7767,83.2233
2.9826,166.1434,3392286.4703,88.5297
2.9753,166.1425,3392285.6785,88.3215
2.9680,166.1417,3392286.8867,88.1133
2.9595,166.1406,3392287.0949,87.9051
2.9522,166.1397,3392287.3031,87.6969
2.9436,166.1387,3392287.5113,87.4887
2.9363,166.1378,3392293.3406,81.6594
2.9290,166.1369,3392287.9277,87.0723
2.9205,166.1359,3392294.7570,81.2430
2.9059,166.1341,3392293.9263,81.0737
2.8973,166.1330,3392294.9263,81.0737
2.8900,166.1322,3392294.9263,81.0737
2.8827,166.1313,3392294.9263,81.0737
2.8742,166.1302,3392295.9263,81.0737
2.8669,166.1293,3392294.9263,81.0737
4.0035,166.4751,3392190.3675,144.4138
3.9962,166.4742,3392202.4085,140.5915
3.9877,166.4731,3392206.2309,136.7691
3.9804,166.4722,3392211.0532,132.9468
3.9730,166.4714,3392210.2545,134.7455
3.9645,166.4703,3392218.9297,126.0703
3.9572,166.4694,3392220.9073,125.0927
3.9499,166.4685,3392220.8849,124.1151
3.9413,166.4675,3392221.8625,123.1375
3.9267,166.4657,3392228.4624,116.5376
3.9182,166.4647,3392223.6443,121.3557
3.9108,166.4638,3392224.4473,120.5527
3.9023,166.4627,3392226.5988,119.4012
3.8950,166.4618,3392227.0948,118.9052
3.8877,166.4609,3392233.2119,112.7881
3.8791,166.4599,3392228.0868,117.9132
3.8718,166.4590,3392229.5827,117.4173
3.8645,166.4581,3392231.0787,116.9213
3.8486,166.4562,3392231.7697,116.2303
3.8413,166.4553,3392233.3719,115.6281
3.8328,166.4543,3392234.9742,115.0258
3.8255,166.4534,3392235.5765,114.4235
3.8181,166.4525,3392236.1787,113.8213
3.8096,166.4514,3392238.0350,112.9650
3.8023,166.4505,3392238.8380,112.1620
3.7937,166.4495,3392239.6411,111.3589
3.7864,166.4486,3392241.4441,110.5559
3.7791,166.4477,3392242.2471,109.7529
3.7706,166.4467,3392243.3181,109.6819
3.7632,166.4458,3392242.3181,109.6819
3.7559,166.4449,3392243.3181,109.6819
3.7474,166.4439,3392243.1368,109.8632
3.7401,166.4430,3392243.9555,110.0445
3.7328,166.4421,3392243.7741,110.2259
3.7242,166.4410,3392243.5928,110.4072
3.7169,166.4402,3392243.4115,110.5885
3.7010,166.4382,3392249.3737,105.6263
3.6937,166.4373,3392243.2086,111.7914
3.6852,166.4363,3392242.6647,112.3353
3.6779,166.4354,3392242.1207,112.8793
3.6705,166.4345,3392243.5767,113.4233
3.6547,166.4326,3392247.7289,109.2711
3.6474,166.4317,3392246.6047,110.3953
3.6388,166.4306,3392245.4804,111.5196
3.6315,166.4298,3392240.7351,118.2649
3.6242,166.4289,3392251.0413,112.9587
3.6156,166.4278,3392246.7161,118.2839
3.6083,166.4269,3392240.3908,123.6092
3.5925,166.4250,3392245.1459,117.8541
3.5851,166.4241,3392245.1459,117.8541
3.5766,166.4231,3392256.3881,106.6119
3.5693,166.4222,3392246.4431,116.5569
3.5620,166.4213,3392247.7402,115.2598
3.5534,166.4202,3392248.0374,113.9626
3.5461,166.4194,3392250.3346,112.6654
3.5302,166.4174,3392251.5195,111.4805
3.5229,166.4165,3392250.7639,111.2361
3.5156,166.4156,3392251.0082,110.9918
3.5071,166.4146,3392257.8738,105.1262
3.4998,166.4137,3392258.1182,104.8818
3.4912,166.4127,3392258.3625,104.6375
3.4839,166.4118,3392259.6069,104.3931
3.4766,166.4109,3392259.8513,104.1487
3.4680,166.4098,3392260.5377,104.4623
3.4607,166.4090,3392260.1362,104.8638
3.4534,166.4081,3392254.1136,110.8864
3.4449,166.4070,3392255.7121,111.2879
3.4375,166.4061,3392255.3106,111.6894
3.4302,166.4052,3392262.8962,106.1038
3.4217,166.4042,3392257.2751,111.7249
3.4144,166.4033,3392257.2751,111.7249
3.4070,166.4024,3392261.8962,106.1038
3.3912,166.4005,3392252.5552,114.4448
3.3826,166.3994,3392255.4564,111.5436
3.3753,166.3986,3392252.7365,114.2635
3.3680,166.3977,3392250.0166,116.9834
3.3595,166.3966,3392248.2967,119.7033
3.3448,166.3948,3392238.7661,129.2339
3.3363,166.3938,3392243.2013,125.7987
3.3290,166.3929,3392238.0153,127.9847
3.3216,166.3920,3392241.0201,124.9799
3.3131,166.3910,3392234.3753,132.6247
3.3058,166.3901,3392232.3517,134.6483
3.2985,166.3892,3392224.7070,142.2930
3.2826,166.3873,3392227.2020,140.7980
3.2741,166.3862,3392224.1753,143.8247
4.0147,166.4804,3392205.6258,137.7766
4.0074,166.4795,3392206.1831,136.8169
3.9989,166.4785,3392206.1428,135.8572
3.9916,166.4776,3392208.1025,134.8975
3.9843,166.4767,3392209.0622,133.9378
3.9758,166.4757,3392206.4008,138.5992
3.9685,166.4748,3392207.3605,137.6395
3.9612,166.4739,3392213.9413,131.0587
3.9453,166.4720,3392210.0021,134.9979
3.9368,166.4709,3392216.8724,128.1276
3.9295,166.4700,3392218.1215,126.8785
3.9222,166.4691,3392219.3706,125.6294
3.9137,166.4681,3392220.6198,124.3802
3.9064,166.4672,3392221.8689,123.1311
3.8991,166.4663,3392224.6994,121.3006
3.8905,166.4653,3392225.8524,120.1476
3.8832,166.4644,3392227.0055,118.9945
3.8759,166.4635,3392228.1585,117.8415
3.8674,166.4625,3392229.3116,116.6884
3.8601,166.4616,3392231.4646,115.5354
3.8516,166.4605,3392233.6176,114.3824
3.8443,166.4596,3392235.4939,113.5061
3.8370,166.4587,3392236.2692,112.7308
3.8284,166.4577,3392238.0445,111.9555
3.8211,166.4568,3392238.8198,111.1802
3.8138,166.4559,3392239.5952,110.4048
3.7980,166.4540,3392241.1113,109.8887
3.7895,166.4529,3392242.4179,109.5821
3.7822,166.4521,3392237.1034,114.8966
3.7749,166.4512,3392243.0311,108.9689
3.7663,166.4501,3392244.3377,108.6623
3.7590,166.4492,3392238.0232,113.9768
3.7517,166.4483,3392239.3298,113.6702
3.7432,166.4473,3392245.2575,107.7425
3.7359,166.4464,3392245.5641,107.4359
3.7201,166.4445,3392246.6989,107.3011
3.7128,166.4436,3392246.5286,107.4714
3.7042,166.4426,3392246.3582,107.6418
3.6969,166.4417,3392247.1879,107.8121
3.6896,166.4408,3392247.0176,107.9824
3.6738,166.4388,3392248.4039,108.5961
3.6665,166.4380,3392246.9602,109.0398
3.6580,166.4369,3392246.5164,109.4836
3.6507,166.4360,3392247.0726,109.9274
3.6421,166.4350,3392246.6289,110.3711
3.6348,166.4341,3392246.1851,110.8149
3.6275,166.4332,3392247.5439,111.4561
3.6190,166.4322,3392252.3047,111.6953
3.6117,166.4313,3392253.0655,111.9345
3.6044,166.4304,3392246.2052,117.7948
3.5959,166.4293,3392250.5871,112.4129
3.5886,166.4285,3392250.3479,112.6521
3.5812,166.4276,3392244.4876,118.5124
3.5727,166.4265,3392249.8696,113.1304
3.5569,166.4246,3392249.6205,113.3795
3.5496,166.4237,3392248.5009,113.4991
3.5423,166.4228,3392248.3813,113.6187
3.5338,166.4218,3392249.2617,113.7383
3.5264,166.4209,3392249.1421,113.8579
3.5191,166.4200,3392248.0225,113.9775
3.5106,166.4190,3392247.9029,114.0971
3.5033,166.4181,3392248.7833,114.2167
3.4875,166.4161,3392253.3560,109.6440
3.4802,166.4152,3392253.3723,110.6277
3.4716,166.4142,3392246.7675,117.2325
3.4643,166.4133,3392246.7838,118.2162
3.4570,166.4124,3392245.8001,119.1999
3.4485,166.4114,3392245.8164,120.1836
3.4412,166.4105,3392245.8327,121.1673
3.4339,166.4096,3392247.2237,121.7763
3.4254,166.4086,3392252.5006,116.4994
3.4181,166.4077,3392240.9143,128.0857
3.4095,166.4066,3392245.1912,122.8088
3.4022,166.4057,3392249.4682,117.5318
3.3949,166.4049,3392249.1241,117.8759
3.3864,166.4038,3392248.7799,118.2201
3.3791,166.4029,3392248.4358,118.5642
3.3633,166.4010,3392248.9487,119.0513
3.3560,166.4001,3392243.1519,124.8481
3.3474,166.3991,3392242.9763,125.0237
3.3401,166.3982,3392241.8006,125.1994
3.3328,166.3973,3392249.2461,119.7539
3.3170,166.3954,3392267.0109,99.9891
3.3097,166.3945,3392241.9502,125.0498
3.3012,166.3934,3392239.3738,127.6262
3.2939,166.3925,3392236.7975,130.2025
3.2865,166.3916,3392235.5984,131.4016
3.2780,166.3906,3392241.9518,126.0482
3.2707,166.3897,3392236.0630,131.9370
4.0147,166.2654,3392196.4321,152.5915
4.0061,166.2644,3392200.2191,149.7809
3.9988,166.2635,3392204.0296,146.9704
3.9915,166.2626,3392200.2191,149.7809
3.9829,166.2616,3392208.6507,141.3493
3.9756,166.2607,3392218.0824,132.9176
3.9683,166.2598,3392214.2718,135.7282
3.9598,166.2587,3392217.0824,132.9176
3.9525,166.2579,3392220.8930,130.1070
3.9451,166.2570,3392223.7035,127.2965
3.9293,166.2550,3392226.6709,125.3291
3.9207,166.2540,3392228.3735,124.6265
3.9134,166.2531,3392229.0762,123.9238
3.9061,166.2522,3392252.2632,100.7368
3.8976,166.2512,3392229.4815,122.5185
3.8903,166.2503,3392234.8052,116.1948
3.8829,166.2494,3392235.5078,115.4922
3.8744,166.2483,3392238.2105,114.7895
3.8671,166.2474,3392238.9131,114.0869
3.8598,166.2466,3392239.6158,113.3842
3.8512,166.2455,3392241.3184,112.6816
3.8439,166.2446,3392242.0008,111.9992
3.8366,166.2437,3392242.2400,111.7600
3.8280,166.2427,3392242.4792,111.5208
3.8207,166.2418,3392243.7184,111.2816
3.8122,166.2408,3392243.9576,111.0424
3.8049,166.2399,3392244.1968,110.8032
3.7975,166.2390,3392244.4360,110.5640
3.7890,166.2379,3392244.6752,110.3248
3.7817,166.2370,3392245.9144,110.0856
3.7744,166.2362,3392246.1536,109.8464
3.7658,166.2351,3392246.3928,109.6072
3.7585,166.2342,3392246.6319,109.3681
3.7512,166.2333,3392247.8711,109.1289
3.7427,166.2323,3392249.1103,108.8897
3.7353,166.2314,3392249.3495,108.6505
3.7280,166.2305,3392249.5887,108.4113
3.7195,166.2295,3392249.8279,108.1721
3.7122,166.2286,3392250.0639,107.9361
3.7036,166.2275,3392250.2801,107.7199
3.6963,166.2266,3392249.4963,107.5037
3.6890,166.2258,3392250.7125,107.2875
3.6804,166.2247,3392250.9287,107.0713
3.6731,166.2238,3392251.1449,106.8551
3.6658,166.2229,3392256.9822,101.0178
3.6573,166.2219,3392258.1984,100.8016
3.6499,166.2210,3392258.4146,100.5854
3.6426,166.2201,3392258.6308,100.3692
3.6341,166.2191,3392259.8470,100.1530
3.6268,166.2182,3392255.4421,105.5579
3.6195,166.2173,3392259.6583,105.3417
3.6109,166.2162,3392265.8745,105.1255
3.6036,166.2154,3392265.0907,104.9093
3.5951,166.2143,3392262.3069,104.6931
3.5877,166.2134,3392262.5230,104.4770
3.5804,166.2125,3392258.7392,104.2608
3.5646,166.2106,3392259.7660,104.2340
3.5572,166.2097,3392259.5982,104.4018
3.5487,166.2087,3392259.4304,104.5696
3.5414,166.2078,3392259.2626,104.7374
3.5341,166.2069,3392259.0949,104.9051
3.5255,166.2058,3392259.9271,105.0729
3.5182,166.2049,3392259.7593,105.2407
3.5109,166.2041,3392259.5915,105.4085
3.5023,166.2030,3392265.0448,99.9552
3.4950,166.2021,3392265.8770,100.1230
3.4865,166.2011,3392264.7092,100.2908
3.4792,166.2002,3392265.5414,100.4586
3.4718,166.1993,3392259.7525,106.2475
3.4633,166.1983,3392265.2058,100.7942
3.4560,166.1974,3392260.4169,106.5831
3.4487,166.1965,3392261.2491,106.7509
3.4401,166.1954,3392266.7024,101.2976
3.4328,166.1945,3392261.9135,107.0865
3.4255,166.1937,3392266.3668,101.6332
3.4170,166.1926,3392267.1990,101.8010
3.4096,166.1917,3392261.4101,107.5899
3.4023,166.1908,3392266.8635,102.1365
3.3938,166.1898,3392266.6957,102.3043
3.3865,166.1889,3392266.5279,102.4721
3.3706,166.1870,3392267.6059,102.3941
3.3633,166.1861,3392267.7430,102.2570
3.3547,166.1850,3392268.8801,102.1199
3.3474,166.1841,3392263.3961,107.6039
3.3401,166.1833,3392268.1543,101.8457
3.3316,166.1822,3392272.9125,96.0875
3.3242,166.1813,3392274.0496,95.9504
3.3169,166.1804,3392268.5656,101.4344
3.3084,166.1794,3392268.7027,101.2973
3.3011,166.1785,3392285.4609,95.5391
3.2937,166.1776,3392289.8402,84.1598
3.2852,166.1766,3392270.1140,100.8860
3.2779,166.1757,3392270.2511,100.7489
3.2693,166.1746,3392276.0093,94.9907
3.2547,166.1729,3392276.8715,95.1285
3.2462,166.1718,3392274.6101,95.3899
3.2388,166.1709,3392274.3486,95.6514
3.2315,166.1700,3392274.0872,95.9128
3.2230,166.1690,3392274.8257,96.1743
3.2157,166.1681,3392275.5643,96.4357
3.2083,166.1672,3392275.3029,96.6971
3.1998,166.1662,3392276.0414,96.9586
3.1925,166.1653,3392276.7800,97.2200
3.1852,166.1644,3392273.5185,97.4815
3.1766,166.1634,3392274.2571,97.7429
3.1693,166.1625,3392277.9956,98.0044
3.1608,166.1614,3392279.7342,98.2658
3.1534,166.1605,3392270.8516,104.1484
3.1461,166.1596,3392279.2113,98.7887
3.1376,166.1586,3392272.3133,104.6867
3.1303,166.1577,3392278.8220,99.1780
3.1229,166.1568,3392279.7096,99.2904
3.1144,166.1558,3392278.5972,99.4028
3.1071,166.1549,3392274.4848,99.5152
3.0998,166.1540,3392275.3723,99.6277
3.0912,166.1530,3392276.2599,99.7401
3.0839,166.1521,3392282.7686,94.2314
3.0766,166.1512,3392278.0351,99.9649
3.0680,166.1501,3392280.5438,94.4562
3.0607,166.1492,3392279.4313,94.5687
3.0522,166.1482,3392278.3189,94.6811
3.0449,166.1473,3392278.2065,94.7935
3.0375,166.1464,3392279.0941,94.9059
3.0290,166.1454,3392279.9816,95.0184
3.0217,166.1445,3392284.4903,89.5097
3.0144,166.1436,3392277.7568,95.2432
3.0058,166.1426,3392277.6444,95.3556
2.9985,166.1417,3392278.6249,95.3751
2.9912,166.1408,3392278.6249,95.3751
2.9826,166.1397,3392279.6249,95.3751
2.9753,166.1388,3392278.6249,95.3751
2.9680,166.1380,3392279.6249,95.3751
2.9595,166.1369,3392279.6249,95.3751
2.9521,166.1360,3392279.6249,95.3751
2.9436,166.1350,3392279.6249,95.3751
2.9363,166.1341,3392279.6249,95.3751
2.9290,166.1332,3392279.6249,95.3751
2.9204,166.1322,3392280.6249,95.3751
2.9131,166.1313,3392279.6249,95.3751
2.9058,166.1304,3392286.2460,89.7540
2.8972,166.1293,3392286.2460,89.7540
2.8826,166.1276,3392280.6249,95.3751
2.8741,166.1265,3392281.6249,95.3751
2.8667,166.1256,3392280.6249,95.3751
2.8594,166.1247,3392280.6249,95.3751
2.8509,166.1237,3392287.2460,89.7540
2.8435,166.1228,3392281.6249,95.3751
2.8350,166.1218,3392287.2460,89.7540
2.8277,166.1209,3392287.2460,89.7540
2.8204,166.1200,3392287.2460,89.7540
2.8118,166.1189,3392286.7776,90.2224
2.8045,166.1181,3392286.3092,90.6908
2.7972,166.1172,3392285.8408,91.1592
2.7886,166.1161,3392284.3723,91.6277
2.7813,166.1152,3392284.9039,92.0961
2.7740,166.1143,3392283.4355,92.5645
2.7655,166.1133,3392288.5882,87.4118
2.7581,166.1124,3392282.4986,93.5014
3.9456,166.6450,3392202.4751,139.3062
3.9383,166.6441,3392203.8649,138.1351
3.9310,166.6432,3392206.0359,136.9641
3.9225,166.6421,3392207.2070,135.7930
3.9152,166.6412,3392211.3781,134.6219
3.9067,166.6402,3392211.5491,133.4509
3.8994,166.6393,3392212.7202,132.2798
3.8920,166.6384,3392213.8912,131.1088
3.8835,166.6374,3392215.0623,129.9377
3.8689,166.6356,3392216.9630,128.0370
3.8604,166.6346,3392219.0170,126.9830
3.8531,166.6337,3392220.0710,125.9290
3.8446,166.6326,3392221.1249,124.8751
3.8372,166.6317,3392222.1789,123.8211
3.8299,166.6308,3392224.2328,122.7672
3.8214,166.6298,3392226.2868,121.7132
3.8141,166.6289,3392226.3407,120.6593
3.8068,166.6280,3392228.3947,119.6053
3.7983,166.6270,3392229.4487,118.5513
3.7910,166.6261,3392231.5026,117.4974
3.7837,166.6252,3392232.5301,116.4699
3.7751,166.6242,3392232.8927,116.1073
3.7678,166.6233,3392233.2554,115.7446
3.7593,166.6222,3392235.6180,115.3820
3.7520,166.6213,3392237.9807,115.0193
3.7447,166.6204,3392236.3433,114.6567
3.7362,166.6194,3392232.0849,119.9151
3.7289,166.6185,3392238.0686,113.9314
3.7216,166.6176,3392238.4313,113.5687
3.7130,166.6166,3392239.7939,113.2061
3.7057,166.6157,3392239.1566,112.8434
3.6899,166.6138,3392234.6324,118.3676
3.6826,166.6129,3392240.2535,112.7465
3.6741,166.6118,3392241.2535,112.7465
3.6667,166.6109,3392241.2535,112.7465
3.6594,166.6101,3392241.2535,112.7465
3.6509,166.6090,3392241.2535,112.7465
3.6436,166.6081,3392251.2535,112.7465
3.6363,166.6072,3392261.4958,101.5042
3.6278,166.6062,3392239.0113,123.9887
3.6205,166.6053,3392252.2535,112.7465
3.6119,166.6043,3392280.3591,84.6409
3.6046,166.6034,3392246.6324,118.3676
3.5973,166.6025,3392251.2535,112.7465
3.5888,166.6014,3392246.6324,118.3676
3.5742,166.5997,3392248.6550,112.3450
3.5657,166.5986,3392244.4354,117.5646
3.5584,166.5977,3392249.4581,111.5419
3.5510,166.5968,3392249.8596,111.1404
3.5425,166.5958,3392250.2611,110.7389
3.5352,166.5949,3392251.6626,110.3374
3.5267,166.5939,3392250.0641,109.9359
3.5194,166.5930,3392251.4656,109.5344
3.5121,166.5921,3392251.8671,109.1329
3.5035,166.5911,3392253.2686,108.7314
3.4962,166.5902,3392253.1054,108.8946
3.4889,166.5893,3392253.8712,109.1288
3.4804,166.5882,3392253.6370,109.3630
3.4731,166.5873,3392253.4028,109.5972
3.4646,166.5863,3392256.1686,109.8314
3.4573,166.5854,3392252.9344,110.0656
3.4500,166.5845,3392251.7002,110.2998
3.4414,166.5835,3392252.4659,110.5341
3.4268,166.5817,3392253.6089,110.3911
3.4183,166.5807,3392254.9212,110.0788
3.4110,166.5798,3392255.2334,109.7666
3.4037,166.5789,3392255.5457,109.4543
3.3952,166.5778,3392254.8580,109.1420
3.3879,166.5769,3392256.1703,108.8297
3.3793,166.5759,3392260.2581,103.7419
3.3720,166.5750,3392253.9344,110.0656
3.3647,166.5741,3392257.8528,105.1472
3.3562,166.5731,3392257.1502,105.8498
3.3489,166.5722,3392257.4476,106.5524
3.3330,166.5703,3392263.0942,101.9058
3.3257,166.5694,3392256.0716,107.9284
3.3172,166.5683,3392256.6701,108.3299
3.3099,166.5674,3392255.2686,108.7314
3.3026,166.5666,3392254.8671,109.1329
3.9108,166.1901,3392232.0779,110.7034
3.9023,166.1891,3392237.9821,116.0179
3.8950,166.1882,3392243.9098,110.0902
3.8865,166.1872,3392239.5953,115.4047
3.8791,166.1863,3392245.5230,109.4770
3.8718,166.1854,3392244.8296,109.1704
3.8633,166.1843,3392245.1362,108.8638
3.8560,166.1834,3392246.4428,108.5572
3.8487,166.1825,3392246.7494,108.2506
3.8401,166.1815,3392247.0560,107.9440
3.8328,166.1806,3392247.3626,107.6374
3.8255,166.1797,3392248.6693,107.3307
3.8170,166.1787,3392248.9759,107.0241
3.8097,166.1778,3392249.2825,106.7175
3.8023,166.1769,3392249.5891,106.4109
3.7938,166.1759,3392249.8957,106.1043
3.7865,166.1750,3392251.2023,105.7977
3.7779,166.1739,3392251.5089,105.4911
3.7706,166.1730,3392251.8155,105.1845
3.7633,166.1721,3392252.1221,104.8779
3.7475,166.1702,3392253.6536,104.3464
3.7401,166.1693,3392253.8815,104.1185
3.7316,166.1683,3392254.1094,103.8906
3.7243,166.1674,3392254.3373,103.6627
3.7170,166.1665,3392254.5652,103.4348
3.7084,166.1655,3392255.7931,103.2069
3.7011,166.1646,3392256.0209,102.9791
3.6926,166.1635,3392257.2488,102.7512
3.6853,166.1626,3392263.0978,96.9022
3.6780,166.1617,3392263.3257,96.6743
3.6694,166.1607,3392263.5536,96.4464
3.6621,166.1598,3392264.7815,96.2185
3.6548,166.1589,3392259.3882,101.6118
3.6463,166.1579,3392266.2372,95.7628
3.6389,166.1570,3392267.4651,95.5349
3.6316,166.1561,3392263.0719,100.9281
3.6231,166.1551,3392266.2998,100.7002
3.6158,166.1542,3392268.5277,100.4723
3.6085,166.1533,3392264.1344,105.8656
3.5999,166.1522,3392291.4679,77.5321
3.5926,166.1513,3392262.5902,105.4098
3.5841,166.1503,3392266.4392,99.5608
3.5768,166.1494,3392289.1515,76.8485
3.5694,166.1485,3392265.8949,99.1051
3.5609,166.1475,3392266.1228,98.8772
3.5536,166.1466,3392270.9718,93.0282
3.5377,166.1447,3392270.8950,93.1050
3.5304,166.1438,3392271.6139,93.3861
3.5231,166.1429,3392271.3329,93.6671
3.5146,166.1418,3392271.0518,93.9482
3.5073,166.1409,3392270.7708,94.2292
3.4987,166.1399,3392271.4897,94.5103
3.4914,166.1390,3392271.2087,94.7913
3.4841,166.1381,3392271.9276,95.0724
3.4756,166.1371,3392271.6465,95.3535
3.4682,166.1362,3392271.3655,95.6345
3.4609,166.1353,3392271.0844,95.9156
3.4524,166.1343,3392270.8034,96.1966
3.4451,166.1334,3392270.5223,96.4777
3.4378,166.1325,3392271.2413,96.7587
3.4292,166.1314,3392266.3391,102.6609
3.4219,166.1305,3392272.6792,97.3208
3.4146,166.1296,3392271.3981,97.6019
3.4060,166.1286,3392271.1170,97.8830
3.3987,166.1277,3392270.8360,98.1640
3.3902,166.1267,3392270.5549,98.4451
3.3829,166.1258,3392270.2739,98.7261
3.3756,166.1249,3392271.0469,98.9531
3.3670,166.1238,3392271.0469,98.9531
3.3597,166.1230,3392273.0469,98.9531
3.3524,166.1221,3392275.0469,98.9531
3.3439,166.1210,3392276.0469,98.9531
3.3365,166.1201,3392276.0469,98.9531
3.3292,166.1192,3392276.0469,98.9531
3.3207,166.1182,3392279.6680,93.3320
3.3134,166.1173,3392277.6680,93.3320
3.3048,166.1163,3392271.0469,98.9531
3.2975,166.1154,3392271.0469,98.9531
3.2902,166.1145,3392272.0469,98.9531
3.2817,166.1134,3392278.6680,93.3320
3.2744,166.1126,3392280.6680,93.3320
3.2670,166.1117,3392280.6680,93.3320
3.2585,166.1106,3392286.2891,87.7109
3.2512,166.1097,3392279.6680,93.3320
3.2439,166.1088,3392278.6680,93.3320
3.2280,166.1069,3392278.1410,93.8590
3.2207,166.1060,3392277.6140,94.3860
3.2122,166.1050,3392277.0870,94.9130
3.2048,166.1041,3392278.5601,95.4399
3.1963,166.1030,3392280.0331,95.9669
3.1890,166.1022,3392286.1272,90.8728
3.1817,166.1013,3392278.9791,97.0209
3.1731,166.1002,3392279.4521,97.5479
3.1658,166.0993,3392273.3041,103.6959
3.1585,166.0984,3392281.3982,98.6018
3.1500,166.0974,3392280.8712,99.1288
3.1427,166.0965,3392285.1599,93.8401
3.1353,166.0956,3392280.5388,99.4612
3.1268,166.0946,3392277.5388,99.4612
3.1195,166.0937,3392277.5388,99.4612
3.1109,166.0927,3392276.5388,99.4612
3.1036,166.0918,3392279.1599,93.8401
3.0878,166.0898,3392280.1599,93.8401
3.0805,166.0889,3392280.1599,93.8401
3.0731,166.0880,3392281.1599,93.8401
3.0646,166.0870,3392280.1599,93.8401
4.0099,166.8379,3392198.4321,135.7282
4.0026,166.8370,3392200.1046,134.8954
3.9940,166.8360,3392201.9374,134.0626
3.9867,166.8351,3392204.7701,133.2299
3.9782,166.8340,3392207.6029,132.3971
3.9709,166.8332,3392209.4356,131.5644
3.9636,166.8323,3392209.2684,130.7316
3.9551,166.8312,3392210.1011,129.8989
3.9478,166.8303,3392211.9339,129.0661
3.9404,166.8294,3392208.1456,133.8544
3.9319,166.8284,3392208.9783,133.0217
3.9246,166.8275,3392215.4322,126.5678
3.9173,166.8266,3392210.6438,131.3562
3.9088,166.8256,3392211.4766,130.5234
3.9015,166.8247,3392218.9304,124.0696
3.8929,166.8236,3392218.1421,128.8579
3.8856,166.8228,3392223.5960,122.4040
3.8783,166.8219,3392218.8076,127.1924
3.8698,166.8208,3392219.6404,126.3596
3.8625,166.8199,3392222.4731,125.5269
3.8466,166.8180,3392247.9906,102.0094
3.8393,166.8171,3392225.0172,123.9828
3.8320,166.8162,3392231.1493,117.8507
3.8235,166.8152,3392230.6603,117.3397
3.8162,166.8143,3392230.1714,116.8286
3.8077,166.8132,3392230.6824,116.3176
3.8003,166.8124,3392231.1934,115.8066
3.7930,166.8115,3392231.7044,115.2956
3.7845,166.8104,3392233.2154,114.7846
3.7772,166.8095,3392233.7264,114.2736
3.7699,166.8086,3392235.2374,113.7626
3.7614,166.8076,3392235.7484,113.2516
3.7540,166.8067,3392236.2594,112.7406
3.7455,166.8057,3392236.7704,112.2296
3.7382,166.8048,3392238.2814,111.7186
3.7224,166.8028,3392240.1192,110.8808
3.7151,166.8020,3392241.4498,110.5502
3.7077,166.8011,3392241.7805,110.2195
3.6992,166.8000,3392236.4900,115.5100
3.6919,166.7991,3392236.8207,115.1793
3.6846,166.7982,3392242.7724,109.2276
3.6761,166.7972,3392244.1031,108.8969
3.6688,166.7963,3392244.4338,108.5662
3.6602,166.7953,3392246.7644,108.2356
3.6529,166.7944,3392253.0951,107.9049
3.6456,166.7935,3392256.4257,107.5743
3.6371,166.7924,3392255.7564,107.2436
3.6298,166.7916,3392261.7116,97.2884
3.6225,166.7907,3392240.4430,115.5570
3.6139,166.7896,3392244.6588,111.3412
3.6066,166.7887,3392243.2535,112.7465
3.5993,166.7878,3392236.2271,119.7729
3.5908,166.7868,3392234.8219,121.1781
3.5835,166.7859,3392240.0377,116.9623
3.5749,166.7849,3392238.6324,118.3676
3.5676,166.7840,3392238.2271,119.7729
3.5603,166.7831,3392235.8219,121.1781
3.5518,166.7821,3392233.4166,122.5834
3.5372,166.7803,3392230.8006,125.1994
3.5286,166.7792,3392230.0710,126.9290
3.5213,166.7783,3392227.3415,128.6585
3.5140,166.7774,3392225.6119,130.3881
3.5055,166.7764,3392229.5034,126.4966
3.4982,166.7755,3392228.7739,128.2261
3.4897,166.7745,3392228.0443,129.9557
3.4823,166.7736,3392220.6936,137.3064
3.4750,166.7727,3392224.5851,133.4149
4.2040,166.2560,3392195.6473,136.7551
4.1955,166.2549,3392213.9905,125.0095
4.1882,166.2541,3392198.6306,141.3694
4.1797,166.2530,3392204.7551,135.2449
4.1723,166.2521,3392206.2584,134.7416
4.1650,166.2512,3392206.7618,134.2382
4.1565,166.2502,3392208.2652,133.7348
4.1492,166.2493,3392208.7686,133.2314
4.1419,166.2484,3392204.6509,138.3491
4.1333,166.2474,3392205.1543,137.8457
4.1260,166.2465,3392212.2787,131.7213
4.1187,166.2456,3392207.1610,136.8390
4.1102,166.2445,3392208.6644,136.3356
4.1028,166.2436,3392213.7889,130.2111
4.0955,166.2428,3392216.2923,129.7077
4.0870,166.2417,3392214.7957,129.2043
4.0797,166.2408,3392217.2990,128.7010
4.0711,166.2398,3392218.8024,128.1976
4.0638,166.2389,3392220.3058,127.6942
4.0565,166.2380,3392215.1881,132.8119
4.0480,166.2370,3392221.3126,126.6874
4.0407,166.2361,3392222.8160,126.1840
4.0334,166.2352,3392218.6982,131.3018
4.0248,166.2341,3392224.8227,125.1773
4.0175,166.2332,3392219.7050,130.2950
4.0102,166.2323,3392220.1632,129.8368
4.0017,166.2313,3392226.0654,123.9346
3.9943,166.2304,3392226.3464,123.6536
3.9858,166.2294,3392222.0064,128.9936
3.9785,166.2285,3392222.2874,128.7126
3.9712,166.2276,3392228.1896,122.8104
3.9626,166.2265,3392228.4706,122.5294
3.9553,166.2257,3392229.7517,122.2483
3.9480,166.2248,3392230.0328,121.9672
3.9395,166.2237,3392230.3138,121.6862
3.9322,166.2228,3392230.5949,121.4051
3.9248,166.2219,3392230.8759,121.1241
3.9163,166.2209,3392232.1570,120.8430
3.9090,166.2200,3392232.4380,120.5620
3.8931,166.2181,3392232.9335,120.0665
3.8858,166.2172,3392234.2777,119.7223
3.8773,166.2161,3392234.6218,119.3782
3.8700,166.2152,3392240.5871,113.4129
3.8627,166.2144,3392236.3101,118.6899
3.8541,166.2133,3392236.6543,118.3457
3.8468,166.2124,3392236.9984,118.0016
3.8395,166.2115,3392237.3426,117.6574
3.8310,166.2105,3392237.6867,117.3133
3.8236,166.2096,3392238.0309,116.9691
3.8163,166.2087,3392239.3750,116.6250
3.8078,166.2077,3392239.7192,116.2808
3.8005,166.2068,3392240.0633,115.9367
3.7919,166.2057,3392240.4075,115.5925
3.7846,166.2048,3392240.7516,115.2484
3.7773,166.2039,3392242.0958,114.9042
3.7688,166.2029,3392242.4399,114.5601
3.7541,166.2011,3392242.4227,114.5773
3.7456,166.2001,3392243.1268,114.8732
3.7383,166.1992,3392243.8310,115.1690
3.7310,166.1983,3392248.1563,109.8437
3.7224,166.1973,3392247.8604,110.1396
3.7151,166.1964,3392241.9435,116.0565
3.7066,166.1953,3392247.2687,110.7313
3.6993,166.1944,3392246.9729,111.0271
3.6919,166.1935,3392249.6770,111.3230
3.6834,166.1925,3392248.3812,111.6188
3.6761,166.1916,3392247.0853,111.9147
3.6688,166.1907,3392246.7895,112.2105
3.6602,166.1897,3392247.4936,112.5064
3.6456,166.1879,3392247.6914,113.3086
3.6371,166.1869,3392248.1293,113.8707
3.6298,166.1860,3392248.5672,114.4328
3.6224,166.1851,3392244.3840,120.6160
3.6139,166.1840,3392245.8219,121.1781
3.6066,166.1831,3392245.2598,121.7402
3.5980,166.1821,3392244.6976,122.3024
3.8116,166.5168,3392211.5182,137.2631
3.8043,166.5159,3392212.9202,136.0798
3.7970,166.5150,3392214.1036,134.8964
3.7885,166.5140,3392215.2870,133.7130
3.7811,166.5131,3392217.4704,132.5296
3.7738,166.5122,3392218.6538,131.3462
3.7653,166.5111,3392220.8372,130.1628
3.7580,166.5102,3392222.0206,128.9794
3.7495,166.5092,3392224.2040,127.7960
3.7422,166.5083,3392225.3874,126.6126
3.7349,166.5074,3392226.5708,125.4292
3.7263,166.5064,3392227.7542,124.2458
3.7190,166.5055,3392229.9375,123.0625
3.7117,166.5046,3392231.1209,121.8791
3.6959,166.5027,3392233.5701,120.4299
3.6873,166.5016,3392234.0589,119.9411
3.6800,166.5007,3392235.5477,119.4523
3.6727,166.4998,3392236.0365,118.9635
3.6642,166.4988,3392236.5253,118.4747
3.6569,166.4979,3392237.0141,117.9859
3.6496,166.4970,3392237.5029,117.4971
3.6410,166.4960,3392237.9916,117.0084
3.6337,166.4951,3392239.4804,116.5196
3.6264,166.4942,3392244.9692,116.0308
3.6179,166.4932,3392249.0791,109.9209
3.6106,166.4923,3392250.5679,109.4321
3.6021,166.4912,3392239.8145,120.1855
3.5947,166.4903,3392240.3033,119.6967
3.5874,166.4894,3392243.7921,119.2079
3.5789,166.4884,3392243.2809,118.7191
3.5716,166.4875,3392248.2535,112.7465
3.5643,166.4866,3392248.2535,112.7465
3.5558,166.4856,3392249.2535,112.7465
3.5484,166.4847,3392249.2535,112.7465
3.5411,166.4838,3392248.2535,112.7465
3.5326,166.4828,3392248.2535,112.7465
3.5253,166.4819,3392248.2535,112.7465
3.5168,166.4808,3392248.2535,112.7465
3.5095,166.4799,3392249.2535,112.7465
3.5021,166.4790,3392250.2535,112.7465
3.4936,166.4780,3392250.2535,112.7465
3.4863,166.4771,3392251.2535,112.7465
3.4790,166.4762,3392251.2535,112.7465
3.4705,166.4752,3392258.8746,107.1254
3.4632,166.4743,3392252.2535,112.7465
3.4559,166.4734,3392253.2535,112.7465
3.4473,166.4724,3392256.2535,112.7465
3.4400,166.4715,3392253.2535,112.7465
3.4315,166.4704,3392255.9859,113.0141
3.4242,166.4695,3392254.7182,113.2818
3.4169,166.4686,3392255.4505,113.5495
3.4083,166.4676,3392253.1828,113.8172
3.4010,166.4667,3392258.5363,108.4637
3.3937,166.4658,3392258.2686,108.7314
3.3852,166.4648,3392252.3798,114.6202
3.3779,166.4639,3392258.7333,109.2667
3.3706,166.4630,3392258.4656,109.5344
3.3620,166.4620,3392258.1979,109.8021
3.3547,166.4611,3392257.9303,110.0697
3.3462,166.4600,3392257.6626,110.3374
3.3389,166.4591,3392257.3949,110.6051
3.3316,166.4582,3392257.1272,110.8728
3.3231,166.4572,3392262.4807,105.5193
3.3084,166.4554,3392255.7885,111.2115
3.2999,166.4544,3392255.7885,111.2115
3.2926,166.4535,3392267.0307,99.9693
3.2841,166.4524,3392262.4096,105.5904
3.2768,166.4516,3392262.4096,105.5904
3.2694,166.4507,3392263.4096,105.5904
3.2609,166.4496,3392263.4096,105.5904
3.2536,166.4487,3392263.4096,105.5904
3.2463,166.4478,3392269.0307,99.9693
3.2378,166.4468,3392263.4096,105.5904
3.2305,166.4459,3392258.7885,111.2115
3.2231,166.4450,3392261.4021,107.5979
3.2146,166.4440,3392259.3946,109.6054
3.2073,166.4431,3392257.3870,111.6130
3.1988,166.4421,3392267.6217,102.3783
3.1915,166.4412,3392248.7508,121.2492
3.1841,166.4403,3392246.7433,123.2567
3.1756,166.4392,3392250.3569,119.6431
3.1683,166.4383,3392248.3493,121.6507
3.1610,166.4374,3392247.3418,123.6582
3.1525,166.4364,3392245.3342,125.6658
3.8938,166.8516,3392213.6473,131.1340
3.8853,166.8506,3392220.5092,124.4908
3.8780,166.8497,3392216.9101,129.0899
3.8707,166.8488,3392218.9321,128.0679
3.8622,166.8477,3392221.9541,127.0459
3.8549,166.8468,3392218.3550,131.6450
3.8476,166.8459,3392229.6192,119.3808
3.8391,166.8449,3392230.6413,118.3587
3.8232,166.8430,3392246.6769,105.3231
3.8159,166.8421,3392240.8311,110.1689
3.8086,166.8412,3392226.3642,120.6358
3.8001,166.8402,3392234.7607,114.2393
3.7928,166.8393,3392229.9149,119.0851
3.7855,166.8384,3392236.3113,112.6887
3.7770,166.8373,3392232.4655,117.5345
3.7697,166.8364,3392238.8620,111.1380
3.7623,166.8355,3392240.6373,110.3627
3.7538,166.8345,3392240.4126,109.5874
3.7380,166.8326,3392237.2105,114.7895
3.7307,166.8317,3392237.2105,114.7895
3.7234,166.8308,3392243.8316,109.1684
3.7149,166.8298,3392242.8316,109.1684
3.7076,166.8289,3392237.2105,114.7895
3.7002,166.8280,3392238.2105,114.7895
3.6917,166.8269,3392239.2105,114.7895
3.6844,166.8260,3392238.2105,114.7895
3.6759,166.8250,3392239.0023,114.9977
3.6686,166.8241,3392244.4152,109.5848
3.6613,166.8232,3392238.5859,115.4141
3.6528,166.8222,3392252.9988,110.0012
3.6455,166.8213,3392246.1695,115.8305
3.6381,166.8204,3392283.3091,76.6909
3.6296,166.8194,3392238.1320,121.8680
3.6223,166.8185,3392242.5450,116.4550
3.6138,166.8174,3392245.9579,111.0421
3.5992,166.8156,3392245.9237,112.0763
3.5907,166.8146,3392243.0590,112.9410
3.5834,166.8137,3392237.5731,119.4269
3.5760,166.8128,3392242.3294,114.6706
3.5602,166.8109,3392241.2971,116.7029
3.5529,166.8100,3392237.8919,118.1081
3.5444,166.8090,3392236.4866,119.5134
3.5371,166.8081,3392235.0813,120.9187
3.5286,166.8070,3392233.6760,122.3240
3.5213,166.8061,3392232.2708,123.7292
3.5139,166.8052,3392231.8655,125.1345
3.5054,166.8042,3392229.6134,127.3866
3.4981,166.8033,3392228.7397,129.2603
3.8358,166.5722,3392217.9487,128.0748
3.8285,166.5713,3392220.1086,126.8914
3.8212,166.5704,3392221.2920,125.7080
3.8126,166.5694,3392223.4754,124.5246
3.8053,166.5685,3392224.6588,123.3412
3.7980,166.5676,3392225.8422,122.1578
3.7895,166.5666,3392228.0256,120.9744
3.7822,166.5657,3392229.2089,119.7911
3.7749,166.5648,3392231.3923,118.6077
3.7663,166.5638,3392232.5757,117.4243
3.7590,166.5629,3392234.7591,116.2409
3.7505,166.5618,3392241.5636,109.4364
3.7432,166.5609,3392238.1259,113.8741
3.7358,166.5600,3392239.3093,112.6907
3.7200,166.5581,3392240.1326,111.8674
3.7127,166.5572,3392240.9955,112.0045
3.7041,166.5562,3392240.8584,112.1416
3.6968,166.5553,3392240.7213,112.2787
3.6895,166.5544,3392240.5842,112.4158
3.6810,166.5534,3392247.0682,106.9318
3.6736,166.5525,3392246.9311,107.0689
3.6651,166.5514,3392246.7940,107.2060
3.6578,166.5506,3392247.6569,107.3431
3.6505,166.5497,3392249.5198,107.4802
3.6419,166.5486,3392255.3827,107.6173
3.6346,166.5477,3392258.2456,107.7544
3.6273,166.5469,3392273.3507,96.6493
3.6188,166.5458,3392260.9714,108.0286
3.6041,166.5440,3392246.7251,119.2749
3.5956,166.5430,3392251.4658,113.5342
3.5883,166.5421,3392250.5854,113.4146
3.5810,166.5412,3392246.7050,113.2950
3.5724,166.5402,3392246.8246,113.1754
3.5651,166.5393,3392246.9442,113.0558
3.5566,166.5383,3392247.0638,112.9362
3.5493,166.5374,3392248.1834,112.8166
3.5419,166.5365,3392248.3030,112.6970
3.5334,166.5354,3392248.4226,112.5774
3.5261,166.5346,3392248.5422,112.4578
3.5188,166.5337,3392249.6618,112.3382
3.5102,166.5326,3392255.4025,106.5975
3.5029,166.5317,3392250.9010,112.0990
3.4956,166.5308,3392252.0206,111.9794
3.4871,166.5298,3392257.7613,106.2387
3.4798,166.5289,3392252.2598,111.7402
3.4712,166.5279,3392252.8820,112.1180
3.4639,166.5270,3392258.1154,106.8846
3.4566,166.5261,3392253.1067,112.8933
3.4481,166.5251,3392253.7190,113.2810
3.4407,166.5242,3392258.9525,108.0475
3.4334,166.5233,3392267.8070,97.1930
3.4249,166.5223,3392250.5560,114.4440
3.4176,166.5214,3392255.7895,109.2105
3.4103,166.5205,3392255.4018,109.5982
3.4017,166.5194,3392248.3930,115.6070
3.3871,166.5177,3392253.1986,111.8014
3.3785,166.5166,3392250.5926,113.4074
3.3712,166.5157,3392248.9866,115.0134
3.3627,166.5147,3392247.3805,116.6195
3.3554,166.5138,3392246.7745,118.2255
3.3481,166.5129,3392251.7896,114.2104
3.3395,166.5119,3392244.5624,121.4376
3.3322,166.5110,3392241.6815,123.3185
3.3249,166.5101,3392240.8167,124.1833
3.3164,166.5091,3392238.9520,125.0480
3.3090,166.5082,3392239.0872,125.9128
3.6394,166.2216,3392211.4321,107.6226
3.6309,166.2206,3392253.6657,107.3343
3.6236,166.2197,3392257.9539,107.0461
3.6162,166.2188,3392263.2422,106.7578
3.6077,166.2177,3392265.5304,106.4696
3.6004,166.2169,3392255.1976,111.8024
3.5931,166.2160,3392261.1070,105.8930
3.5845,166.2149,3392251.7741,111.2259
3.5772,166.2140,3392256.6835,105.3165
3.5687,166.2130,3392258.9717,105.0283
3.5614,166.2121,3392259.2600,104.7400
3.5541,166.2112,3392260.5483,104.4517
3.5455,166.2102,3392259.8365,104.1635
3.5382,166.2093,3392260.1248,103.8752
3.5309,166.2084,3392261.4131,103.5869
3.5224,166.2074,3392261.7013,103.2987
3.5151,166.2065,3392261.9896,103.0104
3.5078,166.2056,3392262.2778,102.7222
3.4992,166.2046,3392263.5661,102.4339
3.4919,166.2037,3392262.8544,102.1456
3.4834,166.2026,3392263.1426,101.8574
3.4761,166.2017,3392263.4309,101.5691
3.4688,166.2009,3392264.7192,101.2808
3.4602,166.1998,3392266.0074,100.9926
3.4529,166.1989,3392266.2957,100.7043
3.4456,166.1980,3392267.5839,100.4161
3.4371,166.1970,3392268.8722,100.1278
3.4298,166.1961,3392269.1605,99.8395
3.4224,166.1952,3392268.4487,99.5513
3.4139,166.1942,3392270.7888,99.2112
3.4066,166.1933,3392270.0280,98.9720
3.3981,166.1923,3392270.2672,98.7328
3.3907,166.1914,3392270.5064,98.4936
3.3834,166.1905,3392276.3667,92.6333
3.3749,166.1894,3392277.6059,92.3941
3.3676,166.1886,3392272.2240,97.7760
3.3603,166.1877,3392272.4632,97.5368
3.3517,166.1866,3392274.7024,97.2976
3.3444,166.1857,3392274.9416,97.0584
3.3371,166.1848,3392273.1808,96.8192
3.3286,166.1838,3392278.0411,90.9589
3.3213,166.1829,3392279.2803,90.7197
3.3127,166.1819,3392279.5195,90.4805
3.3054,166.1810,3392279.7587,90.2413
3.2981,166.1801,3392290.9979,90.0021
3.2896,166.1791,3392279.6160,95.3840
3.2823,166.1782,3392273.8551,95.1449
3.2750,166.1773,3392292.9577,78.0423
3.2664,166.1763,3392281.9546,89.0454
3.2591,166.1754,3392282.1938,88.8062
3.2518,166.1745,3392289.0541,82.9459
3.2433,166.1734,3392281.6722,88.3278
3.2359,166.1725,3392281.9114,88.0886
3.2274,166.1715,3392282.1506,87.8494
3.2201,166.1706,3392299.2532,70.7468
3.2128,166.1697,3392284.6290,87.3710
3.2043,166.1687,3392284.8682,87.1318
3.1969,166.1678,3392286.1074,86.8926
3.1896,166.1669,3392287.3466,86.6534
3.1811,166.1659,3392290.2069,80.7931
3.1738,166.1650,3392285.8250,86.1750
3.1665,166.1641,3392290.0642,85.9358
3.1579,166.1631,3392287.6823,91.3177
3.1421,166.1611,3392297.6964,80.3036
3.1348,166.1602,3392290.8076,86.1924
3.1275,166.1594,3392291.5399,86.4601
3.1189,166.1583,3392297.8934,81.1066
3.1116,166.1574,3392296.6257,81.3743
3.1043,166.1565,3392292.3580,81.6420
3.0958,166.1555,3392292.4693,87.5307
3.0884,166.1546,3392291.2016,87.7984
3.0811,166.1537,3392288.9339,88.0661
3.0726,166.1527,3392295.2873,82.7127
3.0653,166.1518,3392292.0197,82.9803
3.0567,166.1508,3392290.7520,83.2480
3.0494,166.1499,3392289.4843,83.5157
3.0421,166.1490,3392289.2167,83.7833
3.0336,166.1480,3392288.9490,84.0510
3.0263,166.1471,3392292.6813,84.3187
3.0190,166.1462,3392283.7925,90.2075
3.0104,166.1451,3392288.1460,84.8540
3.0031,166.1442,3392287.8783,85.1217
2.9958,166.1434,3392288.6106,85.3894
2.9873,166.1423,3392288.3430,85.6570
2.9799,166.1414,3392289.0753,85.9247
2.9714,166.1404,3392282.1865,91.8135
2.9641,166.1395,3392288.5399,86.4601
2.9568,166.1386,3392282.6512,92.3488
2.9482,166.1376,3392288.0046,86.9954
2.9409,166.1367,3392287.7369,87.2631
2.9336,166.1358,3392287.4693,87.5307
2.9251,166.1348,3392287.2016,87.7984
2.9178,166.1339,3392287.9339,88.0661
2.9105,166.1330,3392288.5484,86.4516
2.9019,166.1319,3392290.3050,84.6950
2.8946,166.1311,3392298.6827,77.3173
2.8861,166.1300,3392300.4393,75.5607
2.8788,166.1291,3392296.5748,79.4252
2.8714,166.1282,3392299.3314,77.6686
2.8629,166.1272,3392305.7091,70.2909
2.8556,166.1263,3392308.4657,68.5343
2.8483,166.1254,3392304.6012,72.3988
2.8398,166.1244,3392306.3578,70.6422
2.8324,166.1235,3392313.7355,63.2645
3.2275,166.4423,3392200.8723,117.3190
3.2360,166.4413,3392257.5103,111.4897
3.2434,166.4404,3392257.7185,111.2815
3.2507,166.4395,3392253.3055,116.6945
3.2592,166.4384,3392258.1348,110.8652
3.2665,166.4376,3392259.3430,110.6570
3.2738,166.4367,3392253.9301,116.0699
3.2824,166.4356,3392259.7594,110.2406
3.2897,166.4347,3392256.9676,110.0324
3.2970,166.4338,3392257.1758,109.8242
3.3055,166.4328,3392256.3840,109.6160
3.3129,166.4319,3392256.5922,109.4078
3.3202,166.4310,3392257.8004,109.1996
3.3287,166.4300,3392252.3874,114.6126
3.3360,166.4291,3392252.5956,114.4044
3.3446,166.4281,3392252.8038,114.1962
3.3519,166.4272,3392253.0120,113.9880
3.3592,166.4263,3392253.2202,113.7798
3.3677,166.4252,3392253.4284,113.5716
3.3750,166.4243,3392253.6366,113.3634
3.3824,166.4235,3392253.5858,113.4142
3.3909,166.4224,3392253.4044,113.5956
3.3982,166.4215,3392252.2231,113.7769
3.4055,166.4206,3392252.0418,113.9582
3.4141,166.4196,3392253.8605,114.1395
3.4214,166.4187,3392253.6791,114.3209
3.4299,166.4177,3392247.8767,120.1233
3.4372,166.4168,3392247.6954,120.3046
3.4445,166.4159,3392251.1352,114.8648
3.4531,166.4149,3392249.9538,115.0462
3.4604,166.4140,3392249.7725,115.2275
3.4677,166.4131,3392249.5912,115.4088
3.4762,166.4120,3392248.4099,115.5901
3.4836,166.4111,3392248.2285,115.7715
3.4909,166.4103,3392248.0472,115.9528
3.4994,166.4092,3392246.8659,116.1341
3.5067,166.4083,3392246.6845,116.3155
3.5140,166.4074,3392246.5032,116.4968
3.5226,166.4064,3392246.3219,116.6781
3.5299,166.4055,3392246.1406,116.8594
3.5384,166.4045,3392245.9592,117.0408
3.5457,166.4036,3392245.7779,117.2221
3.5616,166.4016,3392246.3055,116.6945
3.5689,166.4008,3392241.3090,121.6910
3.5762,166.3999,3392241.9336,121.0664
3.5848,166.3988,3392243.5581,120.4419
3.5921,166.3979,3392244.1827,119.8173
3.5994,166.3970,3392245.8073,119.1927
3.6079,166.3960,3392230.5685,135.4315
3.6152,166.3951,3392231.1931,134.8069
3.6238,166.3941,3392245.6810,117.3190
3.6311,166.3932,3392247.9267,111.0733
3.6384,166.3923,3392247.5512,110.4488
3.6470,166.3913,3392247.1758,109.8242
3.6543,166.3904,3392247.8004,109.1996
3.6616,166.3895,3392248.4449,108.5551
3.6701,166.3884,3392248.0366,107.9634
3.6774,166.3876,3392248.6283,107.3717
3.6847,166.3867,3392249.2200,106.7800
3.6933,166.3856,3392249.8117,106.1883
3.7006,166.3847,3392244.7823,111.2177
3.7091,166.3837,3392249.9951,105.0049
3.7164,166.3828,3392244.9657,110.0343
3.7238,166.3819,3392251.1785,103.8215
3.7323,166.3809,3392251.7702,103.2298
3.7396,166.3800,3392246.7407,108.2593
3.7469,166.3791,3392251.9536,102.0464
3.7555,166.3781,3392246.9241,107.0759
3.7701,166.3763,3392247.0530,106.9470
3.7786,166.3752,3392245.7017,107.2983
3.7859,166.3743,3392245.3504,107.6496
3.7933,166.3735,3392244.9990,108.0010
3.8018,166.3724,3392244.6477,108.3523
3.8091,166.3715,3392244.2964,108.7036
3.8176,166.3705,3392243.9451,109.0549
3.8250,166.3696,3392242.5938,109.4062
3.8323,166.3687,3392242.2424,109.7576
3.8408,166.3677,3392241.8911,110.1089
3.8481,166.3668,3392240.5398,110.4602
3.4906,166.7258,3392172.4848,130.0854
3.4979,166.7249,3392228.7031,128.2969
3.5064,166.7239,3392231.4916,126.5084
3.5137,166.7230,3392233.2802,124.7198
3.5223,166.7220,3392235.0687,122.9313
3.5296,166.7211,3392237.8572,121.1428
3.5369,166.7202,3392238.6458,119.3542
3.5454,166.7191,3392240.4343,117.5657
3.5601,166.7174,3392236.9696,121.0304
3.5686,166.7163,3392237.3443,120.6557
3.5759,166.7154,3392237.7191,120.2809
3.5832,166.7145,3392238.0938,119.9062
3.5918,166.7135,3392238.4686,119.5314
3.5991,166.7126,3392238.8433,119.1567
3.6064,166.7117,3392239.2180,118.7820
3.6149,166.7107,3392239.5928,118.4072
3.6223,166.7098,3392236.3464,123.6536
3.6308,166.7088,3392240.3423,117.6577
3.6454,166.7070,3392240.3557,122.6443
3.6540,166.7059,3392239.2727,116.7273
3.6613,166.7050,3392238.5685,116.4315
3.6686,166.7042,3392238.8644,116.1356
3.6771,166.7031,3392240.1602,115.8398
3.6845,166.7022,3392239.4561,115.5439
3.7003,166.7003,3392233.1029,120.8971
3.7076,166.6994,3392237.7240,115.2760
3.7162,166.6984,3392237.7240,115.2760
3.7235,166.6975,3392237.7240,115.2760
3.7308,166.6966,3392237.7240,115.2760
3.7393,166.6955,3392237.7240,115.2760
3.7467,166.6947,3392236.7240,115.2760
3.7540,166.6938,3392236.7240,115.2760
3.7698,166.6918,3392233.9210,116.0790
3.7771,166.6909,3392226.4969,122.5031
3.7857,166.6899,3392225.6939,123.3061
3.7930,166.6890,3392230.5120,118.4880
3.8003,166.6881,3392223.0878,124.9122
3.8088,166.6871,3392222.2848,125.7152
3.8162,166.6862,3392227.1029,120.8971
3.8247,166.6852,3392219.3821,127.6179
3.8320,166.6843,3392218.7904,128.2096
3.8393,166.6834,3392217.1987,128.8013
3.8479,166.6823,3392216.6070,129.3930
3.8552,166.6814,3392216.0153,129.9847
3.8625,166.6805,3392215.4236,130.5764
3.8783,166.6786,3392213.1581,132.8419
3.8857,166.6777,3392217.0496,128.9504
3.8942,166.6767,3392215.3200,130.6800
3.9015,166.6758,3392212.5905,132.4095
3.9174,166.6739,3392208.0881,135.9119
3.9247,166.6730,3392204.8396,138.1604
3.9332,166.6719,3392201.5912,140.4088
3.9405,166.6710,3392199.3427,142.6573
3.9478,166.6702,3392196.0943,144.9057
3.3706,166.5498,3392215.3029,119.3729
3.3791,166.5488,3392245.0955,118.9045
3.3864,166.5479,3392246.5640,118.4360
3.3950,166.5468,3392246.0324,117.9676
3.4023,166.5459,3392246.5008,117.4992
3.4096,166.5451,3392246.9692,117.0308
3.4181,166.5440,3392247.4377,116.5623
3.4255,166.5431,3392243.2850,121.7150
3.4328,166.5422,3392244.7534,121.2466
3.4413,166.5412,3392247.2218,120.7782
3.4486,166.5403,3392249.6903,120.3097
3.4560,166.5394,3392245.1587,119.8413
3.4645,166.5384,3392250.2482,113.7518
3.4718,166.5375,3392251.7166,113.2834
3.4791,166.5366,3392245.5640,118.4360
3.4877,166.5356,3392246.0324,117.9676
3.4950,166.5347,3392252.1219,111.8781
3.5035,166.5336,3392245.9692,117.0308
3.5108,166.5327,3392244.8972,117.1028
3.5181,166.5318,3392244.6161,117.3839
3.5267,166.5308,3392243.3351,117.6649
3.5340,166.5299,3392243.0540,117.9460
3.5413,166.5290,3392242.7730,118.2270
3.5499,166.5280,3392242.4919,118.5081
3.5572,166.5271,3392242.2108,118.7892
3.5645,166.5262,3392241.9298,119.0702
3.5730,166.5252,3392241.6487,119.3513
3.5803,166.5243,3392241.3677,119.6323
3.5889,166.5232,3392236.4655,125.5345
3.5962,166.5223,3392231.5633,131.4367
3.6035,166.5215,3392241.5245,120.4755
3.6120,166.5204,3392241.2435,120.7565
3.6267,166.5186,3392240.3263,120.6737
3.6352,166.5176,3392239.5605,120.4395
3.6425,166.5167,3392237.7948,120.2052
3.6499,166.5158,3392237.0290,119.9710
3.6584,166.5148,3392236.2632,119.7368
3.6657,166.5139,3392235.4974,119.5026
3.6730,166.5130,3392235.7316,119.2684
3.6816,166.5120,3392235.9658,119.0342
3.6889,166.5111,3392236.2000,118.8000
3.6974,166.5100,3392235.4342,118.5658
3.7047,166.5091,3392235.6685,118.3315
3.7120,166.5082,3392234.9027,118.0973
3.7206,166.5072,3392235.1369,117.8631
3.7279,166.5063,3392234.3711,117.6289
3.7352,166.5054,3392228.9842,123.0158
3.7438,166.5044,3392230.2184,122.7816
3.7511,166.5035,3392235.0737,116.9263
3.7584,166.5026,3392233.8035,117.1965
3.7669,166.5016,3392227.8076,123.1924
3.7742,166.5007,3392232.0540,117.9460
3.7828,166.4996,3392226.0582,123.9418
3.7901,166.4987,3392225.6834,124.3166
3.7974,166.4978,3392225.3087,124.6913
3.8059,166.4968,3392223.9339,125.0661
3.8133,166.4959,3392223.5592,125.4408
3.8206,166.4950,3392223.1845,125.8155
3.8291,166.4940,3392221.8097,126.1903
3.8437,166.4922,3392226.4710,126.5290
3.8523,166.4912,3392227.0921,120.9079
3.8596,166.4903,3392226.0921,120.9079
3.8669,166.4894,3392219.4710,126.5290
3.8754,166.4883,3392218.4710,126.5290
3.8828,166.4875,3392218.4710,126.5290
3.8913,166.4864,3392218.4710,126.5290
3.8986,166.4855,3392217.4710,126.5290
3.9059,166.4846,3392217.4710,126.5290
3.9145,166.4836,3392218.4710,126.5290
3.9218,166.4827,3392217.4710,126.5290
3.9376,166.4808,3392211.7257,133.2743
3.9449,166.4799,3392210.6015,134.3985
3.9523,166.4790,3392216.0983,129.9017
3.9608,166.4779,3392209.3530,136.6470
3.9681,166.4771,3392230.7132,115.2868
3.9766,166.4760,3392210.7257,133.2743
3.9840,166.4751,3392209.6015,134.3985
3.9913,166.4742,3392201.8561,141.1439
3.9998,166.4732,3392200.7319,142.2681
4.0071,166.4723,3392205.2288,137.7712
3.3461,166.3973,3392209.1307,110.6818
3.3534,166.3964,3392258.4661,110.5339
3.3620,166.3953,3392257.6141,110.3859
3.3693,166.3944,3392256.7620,110.2380
3.3766,166.3935,3392257.9099,110.0901
3.3851,166.3925,3392257.0578,109.9422
3.3924,166.3916,3392257.2058,109.7942
3.4010,166.3906,3392250.7326,115.2674
3.4083,166.3897,3392256.5016,109.4984
3.4156,166.3888,3392258.6495,109.3505
3.4241,166.3878,3392260.7974,109.2026
3.4315,166.3869,3392255.9454,109.0546
3.4388,166.3860,3392255.0933,108.9067
3.4473,166.3849,3392256.2412,108.7588
3.4546,166.3840,3392255.3891,108.6109
3.4619,166.3831,3392255.5371,108.4629
3.4705,166.3821,3392255.6850,108.3150
3.4778,166.3812,3392251.2118,113.7882
3.4863,166.3802,3392252.3597,113.6403
3.4936,166.3793,3392256.1288,107.8712
3.5010,166.3784,3392249.6556,113.3444
3.5095,166.3774,3392249.8035,113.1965
3.5168,166.3765,3392249.9514,113.0486
3.5241,166.3756,3392250.0994,112.9006
3.5327,166.3745,3392250.2473,112.7527
3.5400,166.3736,3392250.3952,112.6048
3.5473,166.3728,3392249.5431,112.4569
3.5558,166.3717,3392251.6910,112.3090
3.5717,166.3698,3392256.5982,106.4018
3.5790,166.3689,3392252.1709,111.8291
3.5863,166.3680,3392252.3647,111.6353
3.5948,166.3670,3392254.5585,111.4415
3.6021,166.3661,3392245.1313,116.8687
3.6095,166.3652,3392252.9462,111.0538
3.6180,166.3641,3392256.1400,110.8600
3.6253,166.3633,3392247.3339,110.6661
3.6326,166.3624,3392246.5277,110.4723
3.6412,166.3613,3392246.7215,110.2785
3.6485,166.3604,3392246.9154,110.0846
3.6558,166.3595,3392247.1092,109.8908
3.6643,166.3585,3392246.3030,109.6970
3.6716,166.3576,3392249.4969,109.5031
3.6802,166.3566,3392245.6907,109.3093
3.6875,166.3557,3392249.8845,109.1155
3.6948,166.3548,3392250.0783,108.9217
3.7033,166.3538,3392249.2722,108.7278
3.7107,166.3529,3392246.4660,108.5340
3.7180,166.3520,3392246.6598,108.3402
3.7265,166.3509,3392245.8537,108.1463
3.7338,166.3500,3392245.5387,108.4613
3.7411,166.3492,3392239.5869,114.4131
3.7497,166.3481,3392240.2563,114.7437
3.7570,166.3472,3392238.9256,115.0744
3.7655,166.3462,3392244.2161,109.7839
3.7728,166.3453,3392243.8854,110.1146
3.7801,166.3444,3392237.9336,116.0664
3.7887,166.3434,3392243.2241,110.7759
3.7960,166.3425,3392237.2723,116.7277
3.8033,166.3416,3392234.9417,117.0583
3.8118,166.3405,3392234.6110,117.3890
3.8191,166.3396,3392238.9015,112.0985
3.8265,166.3388,3392238.7832,112.2168
3.8350,166.3377,3392239.7832,112.2168
3.8423,166.3368,3392238.7832,112.2168
3.8508,166.3358,3392238.7832,112.2168
3.8582,166.3349,3392238.7832,112.2168
3.8655,166.3340,3392233.1621,117.8379
3.8740,166.3330,3392232.1621,117.8379
3.6906,167.2264,3392219.6043,127.5559
3.6833,167.2255,3392220.9852,127.0148
3.6748,167.2245,3392222.5263,126.4737
3.6675,167.2236,3392223.0674,125.9326
3.6602,167.2227,3392223.6085,125.3915
3.6516,167.2217,3392224.1496,124.8504
3.6443,167.2208,3392225.6907,124.3093
3.6370,167.2199,3392226.2318,123.7682
3.6285,167.2188,3392226.7729,123.2271
3.6211,167.2179,3392226.3140,122.6860
3.6053,167.2160,3392228.6502,122.3498
3.5980,167.2151,3392228.6473,122.3527
3.5894,167.2141,3392228.6444,122.3556
3.5821,167.2132,3392229.6415,122.3585
3.5748,167.2123,3392228.6386,122.3614
3.5663,167.2113,3392239.2568,116.7432
3.5590,167.2104,3392228.0116,127.9884
3.5516,167.2095,3392227.0087,127.9913
3.5431,167.2084,3392230.6269,122.3731
3.5358,167.2075,3392236.2451,116.7549
3.5285,167.2066,3392231.6211,122.3789
3.5199,167.2056,3392231.6182,122.3818
3.5126,167.2047,3392231.6152,122.3848
3.5041,167.2037,3392232.6123,122.3877
3.4968,167.2028,3392232.6048,122.3952
3.4894,167.2019,3392232.5999,122.4001
3.4809,167.2009,3392232.5950,122.4050
3.4736,167.2000,3392232.5900,122.4100
3.4663,167.1991,3392232.5851,122.4149
3.4577,167.1980,3392232.5802,122.4198
3.4504,167.1971,3392233.5753,122.4247
3.4431,167.1962,3392233.5704,122.4296
3.4346,167.1952,3392239.1866,116.8134
3.4273,167.1943,3392234.5606,122.4394
3.4199,167.1934,3392234.5557,122.4443
3.2724,167.1754,3392247.7980,107.1200
3.2639,167.1744,3392248.5945,112.4055
3.2566,167.1735,3392248.9301,112.0699
3.2492,167.1726,3392249.2657,111.7343
3.2407,167.1716,3392249.6013,111.3987
3.2334,167.1707,3392249.9369,111.0631
3.2261,167.1698,3392251.2725,110.7275
3.2175,167.1687,3392251.6081,110.3919
3.2102,167.1679,3392251.9436,110.0564
3.2017,167.1668,3392253.2792,109.7208
3.1944,167.1659,3392259.2359,103.7641
3.1870,167.1650,3392253.9504,109.0496
3.1785,167.1640,3392255.2860,108.7140
3.1712,167.1631,3392260.4433,103.5567
3.1639,167.1622,3392254.2993,109.7007
3.1553,167.1612,3392259.3975,104.6025
3.1480,167.1603,3392259.8746,105.1254
3.1407,167.1594,3392259.3517,105.6483
3.1322,167.1583,3392258.8288,106.1712
3.1248,167.1575,3392252.6848,112.3152
3.1090,167.1555,3392253.6337,112.3663
3.1017,167.1546,3392254.0084,111.9916
3.0931,167.1536,3392264.0043,105.9957
3.0858,167.1527,3392281.2423,88.7577
3.0785,167.1518,3392259.7537,105.2463
3.0627,167.1499,3392262.9231,105.0769
